time,x,y,z,phi,theta,psi,x_velocity,y_velocity,z_velocity,phi_velocity,theta_velocity,psi_velocity,rotor_speed1,rotor_speed2,rotor_speed3,rotor_speed4
0.06,8.02875416477e-08,6.43080760019e-08,10.0011436391,8.1881332977e-05,6.28293225464,0.0,1.28248261275e-05,6.06624622962e-06,0.0381203862541,0.00396336605916,-0.0143750884605,0.0,417.52455370581237,416.2688181186149,416.5406368488324,416.8869996328858
0.12000000000000001,9.40632339943e-06,3.08394655639e-06,10.0062933353,0.000403230467117,6.28189976517,0.0,0.000393337710061,0.000123055595325,0.133529002422,0.00800473657431,-0.0235799832435,0.0,435.24306213597293,434.472195294359,435.8638920069407,436.20136068943594
0.18,6.46719845322e-05,2.05393739058e-05,10.0172072146,0.000813042203809,6.28064630621,0.0,0.00158379009646,0.000504080486401,0.230251466943,0.00437100690711,-0.015993139318,0.0,435.6101290246983,436.24397706077104,436.0003338003285,435.6965866277524
0.23999999999999996,0.000210271093372,6.72588015142e-05,10.0319557343,0.00150602831852,6.27938562087,0.0,0.00336902939209,0.00109973484966,0.261358614769,0.023011608922,-0.0336425852743,0.0,415.72300449520463,414.1738125990208,413.29206770792047,414.9313969592295
0.3,0.00050397200197,0.000172152471652,10.0520354364,0.00246912045727,6.27776638985,0.0,0.00661615692683,0.00253084918275,0.407922084107,-0.00390603435306,-0.0162104949909,0.0,450.90812234647274,452.3137416972885,452.5272973375881,450.3556232502264
0.36000000000000004,0.0010269345168,0.000378563491593,10.0813857994,0.00199809459695,6.27632708808,0.0,0.0109403853246,0.00431175647913,0.570355139121,-0.0172156028563,-0.047920313662,0.0,458.3368245063869,455.80987139703944,456.4224804215709,455.35928913417183
0.4200000000000001,0.00184272234406,0.000677014314912,10.1195084306,0.000387026887663,6.27341414088,0.0,0.0165600342005,0.00551663253699,0.700325823742,-0.0657261909117,-0.0498369087762,0.0,446.6321115295488,446.47435305486545,448.7660197047058,444.8108995769278
0.48000000000000015,0.00306424572559,0.00100231643019,10.1659369965,6.28075733715,6.27029303891,0.0,0.0244888401277,0.00497454542499,0.847191377383,-0.0238919436581,-0.0567814502796,0.0,453.0759023245794,452.51558979473054,449.63679074652543,453.01097523585975
0.5400000000000001,0.00484137302881,0.00123944041468,10.2218696031,6.27898186258,6.26686810611,0.0,0.0351306348659,0.00275370222103,1.01708678953,-0.0445403376723,-0.0576903732603,0.0,458.14145148233786,458.0670544953296,461.3301707709543,459.69677299147094
0.6000000000000002,0.00718306823271,0.00133995525318,10.2790251543,6.27644090801,6.2633683794,0.0,0.0431647772795,0.000418945134783,0.888203669607,-0.0382934895238,-0.0596365822523,0.0,358.9184177550211,358.71760411925266,357.0964780720544,357.731603248935
0.6600000000000003,0.010134319136,0.00123839572564,10.3323293595,6.27414172631,6.26030103858,0.0,0.0554966736234,-0.00400476172755,0.888595074642,-0.0383721438631,-0.0380004081579,0.0,402.97320821258023,404.92191940553164,405.9217423999174,405.9138175278816
0.7200000000000003,0.0140439813072,0.000762366295824,10.3928690468,6.27162185011,6.25813211262,0.0,0.0750933092719,-0.0121554668614,1.12917818338,-0.0504661327882,-0.0326819930798,0.0,480.73425010973415,481.1365372231854,480.1891522564327,479.2701049349522
0.7800000000000004,0.019120093883,-0.000238702824063,10.4654079205,6.26893368744,6.25622526403,0.0,0.0943201537524,-0.0215259665399,1.2886077346,-0.0353764754597,-0.030037074694,0.0,455.71328732606617,455.9242936589695,457.05791414422055,458.2576693404129
0.8400000000000004,0.0253762714462,-0.0018500898008,10.5469503661,6.26732684106,6.25475064822,0.0,0.114389279006,-0.0323815795864,1.42929947908,-0.0135585159228,-0.0154348025355,0.0,450.88240459357587,452.0603499381294,450.4199886440538,452.1806151742977
0.9000000000000005,0.0327811764106,-0.00409589793189,10.6339818287,6.26672557423,6.25380617587,0.0,0.132526256786,-0.0425431879773,1.47169089203,-0.0037483271768,-0.016361131099,0.0,420.75449297497244,420.6743762900309,419.6735853735259,420.52426135159396
0.9600000000000005,0.0412709686626,-0.00694891862007,10.722837213,6.26666363625,6.25286551074,0.0,0.150551892084,-0.0525695867591,1.49012747915,0.00391122663248,-0.0143449397751,0.0,412.13327189514933,412.3114966729058,412.5155299717141,413.1913117659565
1.0200000000000005,0.0509674476259,-0.0104627004732,10.816410102,6.26697622676,6.25301445697,0.0,0.172682743869,-0.0645238769498,1.62877968751,0.00768830584808,0.023930003553,0.0,449.0110118439975,452.10520197770853,451.9192289817213,452.2234586780111
1.0800000000000005,0.0619138193917,-0.0146508500692,10.9161135198,6.26737249341,6.25541418565,0.0,0.191995444355,-0.075038166271,1.69457780658,0.00434341472379,0.0607952919421,0.0,427.04474900154787,430.17837302819567,428.9009301167627,428.61667059929584
1.1400000000000006,0.0740843638143,-0.0195318150663,11.0241706246,6.26797817158,6.25895584782,0.0,0.213252272626,-0.0876021588898,1.90700729126,0.0196458406263,0.0552366236535,0.0,474.3269765785581,473.90212643477855,473.45746192276454,474.6331325176551
1.2000000000000006,0.0874256846997,-0.025135410056,11.1440996554,6.26909755407,6.26209762259,0.0,0.231079642519,-0.099048549283,2.09032026412,0.0166002913621,0.0458897575237,0.0,466.6073216698587,465.87874152275526,466.13560459762886,465.89748904679385
1.2600000000000007,0.101712662091,-0.0313647257953,11.2724413449,6.2700377521,6.26475482635,0.0,0.244872786243,-0.108494758148,2.1875618891,0.0137412935612,0.0408718567609,0.0,440.08566737250527,439.671283601607,440.93976824336784,440.7034351161096
1.3200000000000007,0.116872694176,-0.0382139877726,11.4121408557,6.27078012371,6.26686530145,0.0,0.260151833921,-0.119705980112,2.46853175186,0.00948505753699,0.020233220656,0.0,495.8694942258467,494.35150239156906,495.8483601373102,495.53546270716936
1.3800000000000008,0.132802320711,-0.0456434328202,11.5627153604,6.27194128014,6.26903573556,0.0,0.270652425821,-0.12784947281,2.55044333956,0.0340556678584,0.0568668907794,0.0,435.8536334197879,438.9050972410284,435.7782537397316,437.8272393511935
1.4400000000000008,0.14931955846,-0.0535403307974,11.7188352101,6.27362111234,6.27262260268,0.0,0.27955843738,-0.135183561664,2.65332686195,0.0117280879144,0.065049256386,0.0,444.5178298410454,445.19033024381,444.25692999713,442.4226260083319
1.5000000000000009,0.166311100806,-0.0618638305882,11.882883924,6.27380871067,6.27712136829,0.0,0.286348681701,-0.142200651207,2.81458782205,-0.0258362305192,0.0897473017723,0.0,461.8721866746812,463.81991835239717,463.67465899762146,460.7141702189602
1.560000000000001,0.183584726034,-0.070578747068,12.0529754516,6.2723432778,6.28223772019,0.0,0.288945259557,-0.148436074241,2.85503312633,-0.021739399245,0.0743556074776,0.0,426.104369310631,424.79276957373787,425.1726850171416,425.52342427905637
1.620000000000001,0.20092061115,-0.0797319826667,12.2290188023,6.27210426487,0.0036948526058,0.0,0.288412322552,-0.156738188719,3.01267854772,0.0182213211456,0.0828115651245,0.0,462.84928006368335,463.51875507665386,460.07125392254545,463.22439372019676
1.680000000000001,0.218134880845,-0.0893416191735,12.410942506,6.27278035805,0.00843451206309,0.0,0.284943348387,-0.163494603773,3.051344894,-0.00865969695037,0.0699965072072,0.0,426.58131598072873,425.4908178372662,426.948573085611,424.64882036170866
1.740000000000001,0.234995503437,-0.0994167503145,12.6015647826,6.2720416021,0.0124650334167,0.0,0.276570606954,-0.172412686018,3.30203949581,-0.0208583549401,0.0608369410932,0.0,491.12777487063346,490.4508352005554,490.9951431665967,490.0894206120696
1.8000000000000012,0.251318547559,-0.10999329928,12.802341188,6.2708254225,0.0162617579153,0.0,0.267159993505,-0.18025977146,3.39024592734,-0.0191176230666,0.0677606870303,0.0,442.85794360650186,443.43000904547944,443.8853144360385,444.028169107947
1.8600000000000012,0.26705331618,-0.12102422609,13.0051580719,6.2695535895,0.0206343314948,0.0,0.256973817085,-0.187540275179,3.37037070391,-0.0257191189596,0.0815236895706,0.0,408.02090693711006,409.2524014574246,409.11011174906514,408.5218200809857
1.9200000000000013,0.282043022192,-0.132551757108,13.2094237368,6.26779102825,0.0253166680709,0.0,0.242220305062,-0.196867487511,3.43827324701,-0.0379312055304,0.0699596968313,0.0,437.721637335225,436.76311740187305,438.40780809445795,437.3916023465633
1.9800000000000013,0.295881184389,-0.144783265698,13.4245245418,6.26541144943,0.0291682188287,0.0,0.218545794085,-0.211138214521,3.73083037739,-0.0433613366882,0.0490056088838,0.0,506.14685088938273,504.6389188325827,504.0049107063524,503.61169040074134
2.0400000000000014,0.308459086301,-0.157778244917,13.648566047,6.26238226627,0.0318481646276,0.0,0.200469810592,-0.222269714965,3.73718623344,-0.0711770734225,0.0341499971268,0.0,420.4610480865691,419.17320261317735,421.42425809534967,419.01081955755933
2.1000000000000014,0.319776479112,-0.171588525153,13.8770490767,6.25795644086,0.0340949973653,0.0,0.176560259286,-0.238531621626,3.87842619155,-0.0795130667543,0.0433368753079,0.0,461.78576451073303,462.51051170628153,463.79199484851165,463.1327528656315
2.1600000000000015,0.329631880676,-0.186455224291,14.1133209532,6.25347323871,0.0366913308415,0.0,0.151696440104,-0.257496829871,3.99687101315,-0.0665411955734,0.0431426466326,0.0,457.22200851493886,457.20751603681543,456.04700876619364,457.07774524340755
2.2200000000000015,0.338021617003,-0.202485943034,14.3545201956,6.24910337836,0.0391205145199,0.0,0.127732488908,-0.277243905332,4.04291671567,-0.0899797577486,0.034561832736,0.0,435.0098033581284,434.29149511324164,436.5214666066644,434.5565092857788
2.2800000000000016,0.344913372376,-0.219803792882,14.5988808838,6.24362877296,0.0411212246149,0.0,0.101807267932,-0.300531282244,4.10219550377,-0.0938967268173,0.0307940509669,0.0,439.43645226538104,439.1244403532452,440.36172442737876,440.0304759630179
2.3400000000000016,0.350348296911,-0.238492370438,14.8435054331,6.23820641466,0.0429628869452,0.0,0.0792042380758,-0.322868589432,4.05210273655,-0.0841248953639,0.0304943029677,0.0,403.63517706320675,403.6085407767401,403.921860443622,404.7944681239262
2.4000000000000017,0.354198031978,-0.258818417125,15.0897197224,6.23322882408,0.0449308146986,0.0,0.0489434735988,-0.355161811004,4.15463102793,-0.0807273917433,0.0370488997149,0.0,452.80072177694154,453.3281437800787,453.8473965825272,454.1145769765576
2.4600000000000017,0.356256024005,-0.281110969577,15.3406307397,6.22817226748,0.0471179581666,0.0,0.0194571590273,-0.38838279938,4.20882620693,-0.0925283618356,0.0352321505865,0.0,438.7222336646501,438.5719735281414,440.28892998106124,439.30544170480607
2.520000000000002,0.35647769492,-0.305526386824,15.595317156,6.22279271639,0.0495271400803,0.0,-0.0122761593682,-0.425982580204,4.28040046,-0.0844662768963,0.048520900019,0.0,444.2354219515682,445.32465654006705,445.408757135325,446.0609485728243
2.580000000000002,0.354575488732,-0.332509750761,15.8576723355,6.21824298129,0.0521377391142,0.0,-0.0514125693047,-0.473964035794,4.46400607591,-0.0625613541636,0.0309056462356,0.0,480.6095181768898,479.2733185014564,479.00795605149295,480.66671615278887
2.640000000000002,0.350478540476,-0.362210018767,16.1270376318,6.21432353987,0.0547974693188,0.0,-0.085361632024,-0.516394003081,4.51458404716,-0.0715144075494,0.062729624704,0.0,438.9534140666271,441.5877502563443,441.9089075714983,441.1669891621578
2.700000000000002,0.344265035388,-0.394561351034,16.3998320678,6.20997230705,0.0590483241609,0.0,-0.122130533801,-0.562382139705,4.57823803842,-0.0746116241938,0.083485978017,0.0,444.5923725561299,446.29365273616054,445.8925381362785,445.6353578931419
2.760000000000002,0.335727537817,-0.429795653607,16.6769446646,6.20513396984,0.0639428579096,0.0,-0.162923052141,-0.612525705799,4.65843514753,-0.096779225955,0.0774540725597,0.0,452.3447372287793,451.8639324839354,451.76621600832146,449.9696522095289
2.820000000000002,0.324813625948,-0.467935122558,16.956263465,6.19912435666,0.0690525065424,0.0,-0.20129804473,-0.659298110984,4.65211941485,-0.107957485179,0.0972875241968,0.0,423.0621773664245,424.77286207706703,425.7906308269185,424.82387594108815
2.880000000000002,0.311414324705,-0.509097109235,17.2364660224,6.19256088696,0.0749256386536,0.0,-0.245875241518,-0.713354022808,4.68769366166,-0.11242198383,0.0990546164634,0.0,438.0487289709564,438.20402954343274,438.9883711583673,438.60696477450415
2.940000000000002,0.295022693505,-0.553875372185,17.5214902522,6.18558358289,0.0809595160877,0.0,-0.301103945053,-0.779923724598,4.81243332628,-0.125421220593,0.103423268738,0.0,467.18661596937494,467.5353330238643,466.7836863619928,465.756499417757
3.000000000000002,0.275117774613,-0.602882128938,17.8148032045,6.17795241391,0.0874918921184,0.0,-0.36303752926,-0.854391325158,4.9638187221,-0.130968620988,0.11799450065,0.0,476.1593107754825,477.2823060510175,475.8851736411043,475.4466873850753
3.0600000000000023,0.251325685042,-0.656553133349,18.1174171955,6.17044277617,0.0945076103936,0.0,-0.430746824985,-0.935402871931,5.12238316703,-0.115539091856,0.114709026157,0.0,480.7069033324726,480.46896464135193,478.8985775990858,480.0577686751993
3.1200000000000023,0.223857932336,-0.71460444632,18.4238834309,6.16342759271,0.101201960029,0.0,-0.485417712657,-1.00022413411,5.09309954065,-0.119831826925,0.104424115714,0.0,423.5678233179282,422.69391979118893,423.19849407041096,422.8157450425683
3.1800000000000024,0.192285255247,-0.777501573822,18.7354637665,6.15667766855,0.107505117125,0.0,-0.567638761534,-1.09702982153,5.29173736055,-0.100847467761,0.106279891173,0.0,493.7133318942279,493.8586785300525,493.02297944765326,494.41374497517796
3.2400000000000024,0.156392036287,-0.845471226477,19.0519887952,6.15054879412,0.113727504351,0.0,-0.62933255269,-1.16913488751,5.25903780154,-0.10488224199,0.0979917288704,0.0,424.7785987140059,424.07701398810616,424.9262776502965,424.5706009026725
3.3000000000000025,0.116804366737,-0.917741834342,19.3655790022,6.14494948672,0.11929337295,0.0,-0.690731281125,-1.24037144375,5.19406034156,-0.0767910967248,0.0794558141114,0.0,414.15978015740615,412.53377789379545,412.9662108790669,415.4286084474023
3.3600000000000025,0.0729826443636,-0.994904650299,19.6790607616,6.14032687861,0.124307241332,0.0,-0.770421852098,-1.33211501084,5.25481629394,-0.0775527463128,0.0907196522427,0.0,454.23504646422543,455.143056331203,454.9998064273577,454.9342629258748
3.4200000000000026,0.0248264975811,-1.07703997325,19.9918557365,6.13538339779,0.129547291085,0.0,-0.835225592616,-1.40613340035,5.17185419679,-0.0944367936635,0.0795237396878,0.0,408.2512074035815,407.25783498197836,409.9225096644291,408.41276688273547
3.4800000000000026,-0.027725840032,-1.1641804014,20.3028851232,6.1297620471,0.133865435449,0.0,-0.916913954867,-1.49902943767,5.19541576113,-0.0922354196525,0.0492153664362,0.0,445.50121951525256,443.0194283986662,443.32460759992074,443.49802948165075
3.5400000000000027,-0.0852034237012,-1.25694143125,20.6149314293,6.12408832298,0.136850574147,0.0,-0.99925155942,-1.59348366636,5.20582187618,-0.0996725688875,0.0508047791819,0.0,440.4202814355451,440.5533155034839,440.5815703272084,439.95841957076914
3.6000000000000028,-0.147553521029,-1.35533200495,20.9266895591,6.11773929963,0.139305631033,0.0,-1.07933936916,-1.6867217172,5.1859364954,-0.122395823334,-0.00275431003688,0.0,432.8199065798449,428.2884395907532,432.62164258485024,430.69320441352687
3.660000000000003,-0.214549952,-1.45920518928,21.2358810149,6.11052549054,0.138923470796,0.0,-1.15388748458,-1.77632743019,5.12050064806,-0.116220630627,-0.0148109911125,0.0,415.8349244255124,414.7773092672242,416.56998187672974,417.09562227928336
3.720000000000003,-0.286832634699,-1.56958543812,21.5468985728,6.10323239277,0.138503454123,0.0,-1.25537300682,-1.9036525388,5.24584674979,-0.135204169699,0.00526334542492,0.0,476.6683580972989,478.2002883217123,477.9577927754347,476.4960704116472
3.780000000000003,-0.365110902043,-1.68765198148,21.8647602962,6.09481084315,0.138931583455,0.0,-1.35385760985,-2.03263497091,5.34867327135,-0.153420241512,0.0106390814788,0.0,472.53650003160465,472.9506771117809,472.78561792697036,471.36246013656535
3.840000000000003,-0.449165229799,-1.81344311497,22.1877275526,6.08553127739,0.139360409087,0.0,-1.44794557986,-2.16121517824,5.41615494586,-0.157257209305,-0.000957915669295,0.0,463.23011699833813,462.31700848312204,464.1135267282237,463.7907059640793
3.900000000000003,-0.538519534105,-1.94663505877,22.5122227863,6.07674000752,0.138998838805,0.0,-1.53051600784,-2.27928282581,5.40004443594,-0.130872159476,-0.0188226251233,0.0,438.88928431990325,437.4038218434008,437.10633580582976,439.27907502819977
3.960000000000003,-0.633598251972,-2.08820977622,22.8411516316,6.06859951975,0.137760426787,0.0,-1.63851054091,-2.44056894087,5.56297994556,-0.147599266584,-0.0245482206622,0.0,494.7220906242129,494.30032107314184,494.8759546263121,493.62776999675367
4.020000000000002,-0.735024566153,-2.23948925976,23.1790533017,6.05983759697,0.136847846114,0.0,-1.74212719394,-2.60284433851,5.6992040122,-0.143072033564,-0.00111090927549,0.0,488.02462408181145,489.77127793882454,489.0759059977201,489.39521398935653
4.080000000000001,-0.841833256973,-2.3993666535,23.5192445117,6.05109662775,0.136404706592,0.0,-1.81818025317,-2.72713167585,5.64037439658,-0.151487824489,-0.0244903408848,0.0,430.62458007851063,428.6419341478933,430.602627327308,429.8692278590874
4.14,-0.95316618784,-2.56679286965,23.85563129,6.04150223223,0.134482878903,0.0,-1.89283464747,-2.85452087052,5.57242537055,-0.187546548058,-0.0547232437704,0.0,427.7169910670628,425.13312709072187,429.4005875927608,426.3031222827022
4.199999999999998,-1.06945747913,-2.74293854917,24.191563629,6.02988283575,0.131241014675,0.0,-1.98317945065,-3.01798197761,5.62445937695,-0.210085373202,-0.0526819705253,0.0,465.90512994568877,466.06294503118716,468.1303178021025,466.3376172131027
4.259999999999997,-1.19050943118,-2.92796654078,24.5261122163,6.01791845507,0.127745184201,0.0,-2.0517081564,-3.15061132516,5.52712938261,-0.183824920912,-0.0727917142629,0.0,419.88754129969374,418.1361082544235,418.26181862522526,420.5009102752067
4.319999999999996,-1.31606102619,-3.12203516684,24.858058897,6.00667099166,0.124100368736,0.0,-2.13297733303,-3.31928274052,5.53709263853,-0.195932109269,-0.0437128816817,0.0,453.9663895528215,456.2914134084045,455.92167811945257,454.9197007750059
4.379999999999995,-1.4464886328,-3.32655864405,25.1909590206,5.99551200565,0.121284297904,0.0,-2.2143350537,-3.49911786928,5.5587635359,-0.171205957317,-0.0543115909063,0.0,461.37396411287057,460.5349575448714,459.1874758300604,461.1123536885358
4.439999999999993,-1.58146612269,-3.54141451121,25.522843741,5.98547666259,0.118114603811,0.0,-2.28468957946,-3.66360221731,5.50372653096,-0.160347869178,-0.0500163488677,0.0,436.0098155725281,436.366721980436,437.5098136803507,438.3858413409864
4.499999999999992,-1.72096293326,-3.76716419658,25.854124742,5.97546302084,0.115236732858,0.0,-2.36489548503,-3.86218745024,5.53805831741,-0.185046867185,-0.0441490227589,0.0,467.6277971808805,468.08344141763484,467.30302759838463,465.3474485410833
4.559999999999991,-1.86537957121,-4.00543410276,26.1886335461,5.96422465489,0.11436287516,0.0,-2.44877793825,-4.08103073609,5.61093384688,-0.192249304769,0.0152241102421,0.0,479.32237772180866,483.81417099191486,481.1131585467752,480.53616939259274
4.6199999999999894,-2.01460039719,-4.25644573189,26.5255348571,5.95232522997,0.115443556959,0.0,-2.52530829796,-4.28693868291,5.61809869205,-0.214616682345,0.0230722658766,0.0,463.0891931865838,463.70619346248617,464.13255542931944,462.33593499648117
4.679999999999988,-2.16820774864,-4.51938505053,26.8608683427,5.9391858353,0.116442997586,0.0,-2.59504644804,-4.47872115952,5.55899747113,-0.22958479423,-0.00100134654873,0.0,444.177816865836,442.1985531486387,444.98227358414664,443.70711710153165
4.739999999999987,-2.32634846788,-4.79501343002,27.1952053712,5.92519689619,0.116660054199,0.0,-2.67626236843,-4.70994880516,5.58421897287,-0.241431158356,0.0115444570604,0.0,472.08857402123306,473.05581460622193,473.99284855377863,473.0306324599705
4.799999999999986,-2.48909298953,-5.08393793125,27.5286735158,5.91095576242,0.117212759263,0.0,-2.74860207123,-4.92195480362,5.5304738869,-0.230251093408,0.00408222701154,0.0,450.79529879044935,450.1916192483264,449.47905615689115,450.32887410863924
4.859999999999984,-2.65568642668,-5.38424990149,27.8547940617,5.89745114669,0.117289075861,0.0,-2.80462548961,-5.08953980438,5.34023503894,-0.216355497792,-0.00504298019679,0.0,403.106531607653,402.2807920846898,404.1010985223781,405.29623088399615
4.919999999999983,-2.8261263614,-5.6963282256,28.1731510204,5.884131524,0.117421890991,0.0,-2.87670503441,-5.31406802299,5.27078598402,-0.236690303839,0.013776192637,0.0,445.79321675240595,447.3287427414069,448.600474540385,446.89667491772803
4.979999999999982,-3.00096790624,-6.02231873971,28.4877072034,5.86979800654,0.118850713958,0.0,-2.9514245038,-5.55331795904,5.21329281028,-0.243694583899,0.0387073731448,0.0,451.82782741549113,453.8339644751105,454.28985862465856,453.67196262516234
5.0399999999999805,-3.17997680488,-6.36173026515,28.7959915164,5.85513408272,0.120987483001,0.0,-3.01573731756,-5.76149309729,5.06228153143,-0.24584247503,0.0285685989665,0.0,423.5177745091667,422.6451810300454,423.2696218413202,423.0215972106284
